loss=0.351352
accuracy=0.896739
precision=0.000000
recall=0.000000
tp=0, fp=3, tn=165, fn=16
